 266  0  266  266  266  300  300
 s 0  0 0
 s 1  0 0
 s 2  0 0
 s 3  0 0
 s 4  0 0
 s 5  0 0
 s 6  0 0
 s 7  0 0
 s 8  0 0
 s 9  0 0
 s 10  0 0
 s 11  0 0
 s 12  0 0
 s 13  0 0
 s 14  0 0
 s 15  0 0
 s 16  0 0
 s 17  0 0
 s 18  0 0
 s 19  0 0
 s 20  0 0
 s 21  0 0
 s 22  0 0
 s 23  0 0
 s 24  0 0
 s 25  0 0
 s 26  0 0
 s 27  0 0
 s 28  0 0
 s 29  0 0
 s 30  0 0
 s 31  0 0
 s 32  0 0
 s 33  0 0
 s 34  0 0
 s 35  0 0
 s 36  0 0
 s 37  0 0
 s 38  0 0
 s 39  0 0
 s 40  0 0
 s 41  0 0
 s 42  0 0
 s 43  0 0
 s 44  0 0
 s 45  0 0
 s 46  0 0
 s 47  0 0
 s 48  0 0
 s 49  0 0
 s 50  0 0
 s 51  0 0
 s 52  0 0
 s 53  0 0
 s 54  0 0
 s 55  0 0
 s 56  0 0
 s 57  0 0
 s 58  0 0
 s 59  0 0
 s 60  0 0
 s 61  0 0
 s 62  0 0
 s 63  0 0
 s 64  0 0
 s 65  0 0
 s 66  0 0
 s 67  0 0
 s 68  0 0
 s 69  0 0
 s 70  0 0
 s 71  0 0
 s 72  0 0
 s 73  0 0
 s 74  0 0
 s 75  0 0
 s 76  0 0
 s 77  0 0
 s 78  0 0
 s 79  0 0
 s 80  0 0
 s 81  0 0
 s 82  0 0
 s 83  0 0
 s 84  0 0
 s 85  0 0
 s 86  0 0
 s 87  0 0
 s 88  0 0
 s 89  0 0
 s 90  0 0
 s 91  0 0
 s 92  0 0
 s 93  0 0
 s 94  0 0
 s 95  0 0
 s 96  0 0
 s 97  0 0
 s 98  0 0
 s 99  0 0
 s 100  0 0
 s 101  0 0
 s 102  0 0
 s 103  0 0
 s 104  0 0
 s 105  0 0
 s 106  0 0
 s 107  0 0
 s 108  0 0
 s 109  0 0
 s 110  0 0
 s 111  0 0
 s 112  0 0
 s 113  0 0
 s 114  0 0
 s 115  0 0
 s 116  0 0
 s 117  0 0
 s 118  0 0
 s 119  0 0
 s 120  0 0
 s 121  0 0
 s 122  0 0
 s 123  0 0
 s 124  0 0
 s 125  0 0
 s 126  0 0
 s 127  0 0
 s 128  0 0
 s 129  0 0
 s 130  0 0
 s 131  0 0
 s 132  0 0
 s 133  0 0
 s 134  0 0
 s 135  0 0
 s 136  0 0
 s 137  0 0
 s 138  0 0
 s 139  0 0
 s 140  0 0
 s 141  0 0
 s 142  0 0
 s 143  0 0
 s 144  0 0
 s 145  0 0
 s 146  0 0
 s 147  0 0
 s 148  0 0
 s 149  0 0
 s 150  0 0
 s 151  0 0
 s 152  0 0
 s 153  0 0
 s 154  0 0
 s 155  0 0
 s 156  0 0
 s 157  0 0
 s 158  0 0
 s 159  0 0
 s 160  0 0
 s 161  0 0
 s 162  0 0
 s 163  0 0
 s 164  0 0
 s 165  0 0
 s 166  0 0
 s 167  0 0
 s 168  0 0
 s 169  0 0
 s 170  0 0
 s 171  0 0
 s 172  0 0
 s 173  0 0
 s 174  0 0
 s 175  0 0
 s 176  0 0
 s 177  0 0
 s 178  0 0
 s 179  0 0
 s 180  0 0
 s 181  0 0
 s 182  0 0
 s 183  0 0
 s 184  0 0
 s 185  0 0
 s 186  0 0
 s 187  0 0
 s 188  0 0
 s 189  0 0
 s 190  0 0
 s 191  0 0
 s 192  0 0
 s 193  0 0
 s 194  0 0
 s 195  0 0
 s 196  0 0
 s 197  0 0
 s 198  0 0
 s 199  0 0
 s 200  0 0
 s 201  0 0
 s 202  0 0
 s 203  0 0
 s 204  0 0
 s 205  0 0
 s 206  0 0
 s 207  0 0
 s 208  0 0
 s 209  0 0
 s 210  0 0
 s 211  0 0
 s 212  0 0
 s 213  0 0
 s 214  0 0
 s 215  0 0
 s 216  0 0
 s 217  0 0
 s 218  0 0
 s 219  0 0
 s 220  0 0
 s 221  0 0
 s 222  0 0
 s 223  0 0
 s 224  0 0
 s 225  0 0
 s 226  0 0
 s 227  0 0
 s 228  0 0
 s 229  0 0
 s 230  0 0
 s 231  0 0
 s 232  0 0
 s 233  0 0
 s 234  0 0
 s 235  0 0
 s 236  0 0
 s 237  0 0
 s 238  0 0
 s 239  0 0
 s 240  0 0
 s 241  0 0
 s 242  0 0
 s 243  0 0
 s 244  0 0
 s 245  0 0
 s 246  0 0
 s 247  0 0
 s 248  0 0
 s 249  0 0
 s 250  0 0
 s 251  0 0
 s 252  0 0
 s 253  0 0
 s 254  0 0
 s 255  0 0
 s 256  0 0
 s 257  0 0
 s 258  0 0
 s 259  0 0
 s 260  0 0
 s 261  0 0
 s 262  0 0
 s 263  0 0
 s 264  0 0
 s 265  0 0
e
